25 25
0 0 0 0 0 0 0 0 0 0 0 0 0 0 0 0 0 0 0 0 0 0 0 0 0
0 4 -1 0 0 0 2 2 2 2 2 2 2 2 0 0 2 2 2 2 2 2 2 2 0
0 0 -1 4 0 0 2 2 2 2 2 2 2 2 0 0 2 2 2 2 2 2 2 2 0
0 4 -1 0 0 0 2 2 2 2 2 2 2 2 0 0 2 2 2 2 2 2 2 2 0
0 0 -1 4 0 0 2 2 2 2 2 2 2 2 0 0 2 2 2 2 2 2 2 2 0
0 4 -1 0 0 0 2 2 2 2 2 2 2 2 0 0 2 2 2 2 2 2 2 2 0
0 0 -1 4 0 0 2 2 2 2 2 2 2 2 0 0 2 2 2 2 2 2 2 2 0
0 4 -1 0 0 0 0 0 0 0 0 0 0 0 0 0 0 0 0 0 0 0 0 0 0
0 0 -1 4 0 0 0 0 -1 -1 -1 -1 -1 -1 -1 -1 -1 -1 -1 -1 -1 0 0 0 0
0 4 -1 0 0 0 0 0 0 0 0 0 0 0 0 0 0 0 0 0 0 0 0 0 0
0 0 -1 4 0 0 0 0 0 0 0 0 0 0 0 0 0 0 0 0 0 0 0 0 0
0 4 -1 0 0 9 9 9 9 9 9 9 9 9 0 8 0 8 0 8 0 8 0 8 0
0 0 -1 4 0 9 9 9 9 9 9 9 9 9 0 8 0 8 0 8 0 8 0 8 0
0 0 -1 0 0 0 0 0 0 0 0 0 0 0 0 8 0 8 0 8 0 8 0 8 0
0 0 0 0 0 0 0 0 0 0 0 0 0 0 0 8 0 8 0 8 0 8 0 8 0
0 5 0 5 0 5 0 5 0 0 0 0 0 0 0 8 0 8 0 8 0 8 0 8 0
0 5 0 5 0 5 0 5 0 0 1 1 0 0 0 8 0 8 0 8 0 8 0 8 0
0 5 0 5 0 5 0 5 0 0 1 1 0 0 0 8 0 8 0 8 0 8 0 8 0
0 5 0 5 0 5 0 5 0 0 0 0 0 0 0 8 0 8 0 8 0 8 0 8 0
0 5 0 5 0 5 0 5 0 0 10 10 0 0 0 8 0 8 0 8 0 8 0 8 0
0 5 0 5 0 5 0 5 0 5 1 0 5 0 0 8 0 8 0 8 0 8 0 8 0
0 5 0 5 0 5 0 5 0 5 0 0 5 0 0 8 0 8 0 8 0 8 0 8 0
0 5 0 5 0 5 0 5 0 0 5 0 0 0 0 8 0 8 0 8 0 8 0 8 0
0 5 0 5 0 5 0 5 0 0 0 0 0 0 0 8 0 8 0 8 0 8 0 8 0
0 0 0 0 0 0 0 0 0 0 0 0 0 0 0 0 0 0 0 0 0 0 0 0 3
4
0 17 10 20 10
1 1 1 15 15
2 0 3 24 24
3 23 1 1 23